  24   140
  15    6 4.1465
  17    7 6.18799
   3    7 8.36994
   9    0 6.36445
  16   18 0.542316
  14   16 9.63096
  13   17 8.51598
   5    4 3.45963
   1   12 7.74223
   3    2 1.09275
   3   14 0.955985
  12   17 5.19539
  12   16 4.748
  11    5 7.31841
  22   15 1.71293
  12   17 7.51773
   5    2 6.44877
   0    5 2.77432
   6   11 0.885434
  17    8 7.46788
  19    8 1.10634
   4   18 3.25597
  17    3 1.43022
   3    2 0.857528
  20    6 8.14489
   0   10 8.21789
  19   15 5.89735
   3   14 1.57064
  13   18 7.37963
   3   23 6.02728
  21   16 8.49644
   6    6 4.29755
  23   18 5.97387
   0   17 0.646311
  20   20 3.36181
  11    4 8.60341
   1   23 6.61655
   1    8 7.95055
  16    9 3.48283
   8    2 0.69699
   4    5 9.76826
  18   14 6.53347
  17   21 3.71975
  23   21 7.67244
  11    3 2.86587
  12   13 2.30299
   1   12 9.75588
  16    6 8.54609
   0   21 8.30343
  15   10 6.57006
  23   23 1.46946
   7   13 8.8705
   3    9 7.84081
  21   17 7.15471
  10    1 7.41939
   8    3 5.1529
   4    6 2.51404
   8   20 6.22342
   8   18 3.05807
  15    0 6.13328
  16   22 4.94859
  22    0 0.85562
  20   13 3.36447
   7   12 4.01398
  18    4 6.18655
   5   19 3.88188
  14    7 5.67675
  20    7 5.2171
   0   11 1.95589
   7   12 3.6619
  13   14 3.81423
  11   17 0.622615
  17   23 9.55487
  17    5 5.59973
   2   15 0.380975
   4   11 6.53525
  15   12 8.49301
   6   18 8.78664
   4    0 5.09162
   2    8 6.58891
  23    3 5.64379
  23   22 1.34623
   2   16 8.00695
  12   16 3.49517
   0    8 9.01102
  10   15 9.13797
  14    4 3.68432
   1   10 8.55749
   3   11 4.7224
   7    6 0.589407
   1    3 8.19536
  22   16 8.35393
   1   19 9.31799
   3    0 4.70651
  13    2 6.37118
  10    4 6.50124
   8    2 8.45707
   7   15 7.60835
   9   15 4.30876
  13   22 9.58107
   6   21 0.367137
   3    1 6.04513
   9    6 0.729816
  23   12 8.63207
   6   17 7.22656
   0    5 7.5988
   9    0 5.00709
  11    4 2.02326
  17   20 4.13255
  17    8 8.08359
  10    2 1.69449
  23    0 1.88823
  21   11 6.33482
  19   22 9.1404
  13   20 9.59192
   3   14 1.98644
   6   20 4.54741
  16   14 7.09912
  16    4 3.61409
  13    3 1.41053
   8   10 3.84619
  23   10 6.08087
   5    7 8.12105
  22   21 7.15319
  23    4 5.44357
   3   23 5.66389
  18    8 1.24128
   8   23 3.8108
  17   13 9.06238
  10   16 1.59412
  17    1 8.87467
   8   18 7.56847
   6   12 9.01342
   5    7 9.73669
   6   12 2.51775
   2   20 1.15415
  21   16 7.2132
  16   12 9.4266
   7   13 4.34348
  16   20 0.649475
