 162   600
  32    8 3.55504
  56  157 7.42403
  47  110 4.29841
  66  105 1.47508
  52    7 0.612197
 128   36 0.508816
  60  126 1.84126
  58   12 5.94589
   0  132 1.47929
  58   10 6.65193
  92   40 6.293
 148   27 1.24479
   1   19 5.86525
  62  148 5.13437
 112  115 9.49751
  43   62 3.85573
  70   37 0.926575
 124  138 4.62748
 129  145 4.77304
 142   38 4.24215
  88  103 8.48624
  24  114 6.32167
 158  144 3.82026
 101  113 6.28953
 113   93 2.60021
 116  122 9.36323
  86   65 5.97191
  48  142 9.70753
  31   32 2.54018
 133  152 8.05596
  66   93 3.31128
 117   42 9.58831
  54   86 2.33284
 135   30 5.78788
 136   98 1.0311
  28   96 7.0998
 143   89 8.36437
 142   21 4.23128
  67   70 6.41838
  41  124 3.14279
  10   75 2.05079
  41  106 3.22678
  23   86 3.17823
  47   13 2.59804
 128  126 7.21052
  31   95 0.582255
  52   75 7.24692
  70   70 7.78813
 153  115 1.24049
  10   73 4.65464
 116   25 9.33882
 116   41 7.88724
  37  152 2.57385
  39   49 1.22136
  87   84 8.36924
 158   84 8.77977
  60   42 8.00838
  13  125 4.20611
  79  143 4.24507
  65   58 5.24015
 146   93 8.89207
 132  156 6.36298
  24  160 3.24804
  20   13 4.3403
 112   15 7.77414
 130   53 8.0113
 155   57 1.65433
 104  121 8.85801
  80  129 0.724931
  63   73 1.27252
  16   78 9.3284
 125  135 1.47035
  35   78 7.88371
  86  108 2.18983
  77   44 5.20089
  54  123 8.07328
   5  154 7.08736
 115  134 4.28512
 140  108 7.63191
  67   41 8.27701
 111   89 9.42352
  63   52 1.35866
  97   19 4.12504
  67   45 3.20072
 161   95 3.81848
  23   44 0.891496
  97    4 1.76127
   0   17 6.42444
 161   97 1.28146
  78   57 3.22807
  93  156 2.04458
  63   46 2.78329
 101  112 3.23506
  63  139 8.97828
  21   80 3.02951
 119   58 9.65919
 129  143 1.49303
  15   29 4.11771
  75  125 8.40966
  99   69 7.92632
  73   69 4.62544
 139   35 1.11809
  75   31 3.69785
  35   44 5.30153
  95  122 5.2001
 127   15 2.02433
  20  151 4.61328
  82   93 4.93506
  21   54 6.15371
 119   83 6.14663
 134   22 2.01782
 105  137 1.0165
   9  145 2.33398
 140    6 6.81257
 157  104 7.68743
  15   90 4.30425
 132  128 8.75844
   7   47 9.65857
  98   36 1.34298
   2   42 6.38214
  75   60 7.30424
  86   53 7.62977
  90  159 3.0061
  39   28 0.850142
  98   51 5.24733
  80   33 5.86828
  84  103 3.95298
 120    0 1.86193
 130   80 3.64181
 116   30 4.14494
  67   37 1.56717
 117   89 0.617472
 153    5 4.6848
  15  134 4.15743
  74  148 7.15187
  39  118 1.46637
  13   60 7.74798
 147   46 9.39662
 101   46 2.55948
 127  127 1.76478
 156  134 3.09684
   4   51 0.688171
  62   94 2.74184
 152  129 6.17512
 126   31 4.94765
  40  138 4.81332
 161   71 7.00309
  20   85 5.05217
 158   38 7.81957
  80   97 7.37709
  22    0 5.58273
 134   75 3.30509
  36   55 4.85099
  59   47 2.17296
 114   64 6.48731
 112   74 8.32849
  21   93 4.8373
 151  118 4.14919
  55   94 5.41433
 133   33 9.62636
  88   27 7.5939
  59   63 8.14214
  27  101 9.40595
  20   97 1.19684
 147  100 2.33032
 119   36 6.23327
   8  120 1.45415
  11   73 3.56373
 115   50 2.76991
  77  125 7.65889
 101  156 6.74193
 129  133 4.88495
 110  113 9.08507
  98    9 3.73453
 111   10 4.33287
  11   12 0.720388
  62   61 8.70858
  69   30 5.88573
  42  123 8.77221
 142  130 1.16694
  91    8 6.99066
  22   31 5.02954
  35   33 7.94385
 139   45 3.29116
  32   58 1.63694
 144  115 0.656995
 160  104 9.77267
  77  127 4.8502
 161   22 5.70049
  65   43 1.17084
 156   27 6.05284
 110   92 6.18508
  48    0 3.55752
 109   31 9.34588
 117   66 5.35482
  96  140 3.66388
 146  144 0.513117
  52  152 5.92929
  81  108 4.77237
 100  129 6.00027
 124  136 5.67571
  96   97 4.2521
  26   33 6.00176
   6   71 8.80117
  71   83 7.17856
 148   58 3.35441
  19   56 6.09055
 155  135 8.89267
 100   67 1.22857
 126  125 5.85433
 113   79 7.09019
 134   41 9.43531
  17   99 4.73774
  51  130 9.75412
  75  113 5.1306
 148   22 5.49072
  85  112 6.66898
 141   64 7.49586
  66   32 4.68884
  79  160 5.72302
  73   29 1.08917
  69  144 7.86098
  69  139 5.504
  95    9 6.69613
 150  142 3.55515
   8  143 3.43232
 129   54 7.63618
 120   85 2.77238
  15   88 9.27753
  95   84 5.85653
  66  109 4.36759
  86   46 4.90269
 156  118 2.72002
  62   87 7.35425
  64    0 5.54826
  99   58 4.61217
  21   10 0.564266
 101  109 1.27245
 103  138 9.49379
 104   13 3.08821
 156   31 3.86337
   9   62 8.2593
 126   79 2.17128
 112  130 6.80092
  60  144 6.3797
 137  133 4.77941
  23   68 7.843
 105  138 7.12543
 101   17 1.28461
   6   19 2.56781
  13  139 3.13808
 105  135 7.01664
  54   38 6.27789
 132   66 7.52846
  57   77 2.48856
  67   80 6.16613
  72  120 2.17049
   1   85 2.292
  49   47 6.02542
  68   95 6.46801
 108   85 5.24547
  20  117 4.6949
 157   13 8.99281
  12   11 8.41442
  22  127 7.94685
  81  144 3.64145
  47  160 2.65059
 114   67 0.469802
 152  113 6.10719
 131    2 2.86267
  96   24 3.38806
   0   45 0.564871
 133  107 1.90073
 114   18 8.01739
 161   93 7.35611
  67   71 3.78966
  90  158 5.92255
 129   66 6.28692
  96    0 6.75399
  15  112 1.22935
  48  154 8.60636
  46   65 1.1028
 149  114 8.39565
  61  101 0.861512
  27  106 7.93292
 129   64 3.38964
  48    5 5.38411
 113   49 9.32302
  79  159 0.995671
  36   51 7.45884
  95   31 8.3647
  94   73 4.60288
 161  126 2.00055
 161  107 6.63491
 142   49 7.8192
 152   21 1.97296
 118  131 8.97773
  14  154 0.649276
 148  105 5.85663
 135   24 3.6122
  38   57 1.238
  38  128 8.96961
 156   90 2.70315
 150   38 9.39654
 117  135 6.58924
  13  139 9.78054
 113  161 6.16301
  96  137 4.2715
 100   28 1.32949
 150   34 3.47407
   0   93 1.59007
  23   14 5.17863
  63   98 2.02847
  97   85 5.85473
 131   62 8.68512
  95  122 2.66402
 136   39 4.89211
  50  101 3.11993
  55  151 4.75606
  48   88 1.66427
  93   27 6.52158
 142  157 1.85982
  63  135 3.6215
 144   34 1.78791
  98  134 6.37543
  43   43 6.29389
 102   59 9.67317
   9   17 8.8496
  56   31 6.59784
 146  100 7.7082
  70  104 3.90522
 134   82 0.709153
  49   29 4.80502
  95  157 9.15946
 109   45 1.23506
 119   52 5.25054
  88  101 0.869438
  84   84 6.8097
  63   24 5.62743
   7   54 4.27391
  95  148 7.52684
  15  130 5.21416
 115   34 8.19569
 148  123 1.68877
  51  158 6.37229
 141   87 6.50823
  14   11 7.86057
  53  122 3.21737
  45   80 7.46723
  99   27 0.412362
  36   49 6.56297
 122  153 6.60046
 151   47 4.19699
 137   70 5.34879
  54   97 2.50836
 127  135 4.0973
  71   44 2.52662
 103  160 3.40031
  26   13 1.19505
  51   64 4.92001
  85    0 9.35712
  87   73 0.607212
  56   26 2.22718
  86  148 1.33139
 142   11 7.09135
  60   99 5.35633
 130   68 3.05283
 154   55 4.77486
 123  102 4.03916
  91   94 0.501494
  69   35 8.4029
  25   36 3.22717
 142   79 2.71065
  92  136 1.15659
 146  114 3.77356
 108   53 3.76429
  98   94 3.50683
   9   58 2.88813
   1   14 0.391391
 122  102 0.786964
  73   35 2.18584
 121   73 3.87491
 135   93 5.5702
  57   11 6.27198
 156   64 5.84398
  30   51 3.36271
 143   75 8.62557
  43   30 0.584745
  56   33 6.55689
 152   30 7.85151
 155  134 2.04825
  29  111 2.19019
 134   62 1.38728
 139   53 3.20285
 122    4 9.7722
  44   92 5.42091
 150   29 5.21264
  31   55 9.18686
   5    0 3.22652
  50  119 5.28688
  69  144 3.18795
  94   69 8.31307
  96   57 4.51352
  14   68 0.31079
 123   67 0.682603
 119   28 6.17195
  40  158 1.80373
  62   70 8.6274
  86   70 9.45394
 121  123 3.57799
  12   46 4.53384
 161   16 2.65188
   7  127 0.83342
  50  149 2.74958
  74   57 1.35531
 117   28 2.74982
  50   91 4.3178
   7   19 1.00366
 150   25 3.69792
  69  140 0.833929
   0  122 8.92641
 101   19 6.1281
  95   49 2.98575
  51   91 2.96132
  47  105 2.03195
 141  139 1.48491
  61   69 5.64665
  43  109 9.2506
 112   83 1.89215
 148  134 7.73964
 139  115 8.17283
  16   79 6.90506
  51   25 6.47181
   6   53 5.94988
 128  122 6.69274
  77  148 9.7975
 118  159 8.61927
  19   77 0.842509
 126   30 3.61126
 121   91 8.40757
  38   30 8.20955
 115   73 1.44489
  10  145 5.8704
 134   91 6.36541
  61   64 7.44797
 160  107 1.88743
 151   91 5.12345
 104  103 8.08725
  51   38 1.00759
 116  101 3.52125
  38  112 1.75947
 119   69 4.17315
 144   23 4.8806
 110  148 2.18706
   5   81 1.94095
 115  135 9.74217
 150   87 2.96608
  44  132 5.79619
 104  111 2.29161
  47   45 2.37399
   3   86 7.41562
  64   55 8.23737
 116  111 1.32752
  40  100 6.26899
   9  115 3.683
 138  159 1.20567
   0  126 8.40968
 103  105 1.19302
  87  152 7.4279
   1   10 8.78432
  33   81 4.02946
 157   37 1.72737
 155   21 5.04809
  40   81 4.26306
 106   99 6.90421
 123   83 1.94306
  52   98 4.2089
 151  153 1.30406
  87   20 2.58803
  59   29 7.70031
 152   96 6.73304
  17   19 2.65331
  34  121 5.25027
 118   91 3.79483
  80  148 5.00308
  66  115 8.66229
 146   10 3.49495
  75  142 1.91968
  43   26 9.79682
  25    4 2.73533
 102   47 1.88507
 114   75 4.73852
  13   63 3.35812
  93  100 9.73194
  52   21 8.00428
 142  111 0.639112
 106   16 9.47677
  16    2 1.25352
  74   30 7.32541
 142  136 1.96474
  67   94 4.85822
  26   70 0.442678
   1  128 0.805981
  77   81 7.16843
   6   66 3.8473
  54  155 9.65588
 155   71 6.74529
 133  159 4.73993
 130   40 3.96251
  17  120 8.80638
  99  142 8.79349
  32  156 8.10737
  39  125 4.38486
  94  142 1.57754
 118  135 9.53594
  55  128 8.26173
  49  152 5.79937
 160  151 9.795
 152   95 0.696048
  45   81 3.31015
 158   89 8.9706
  97   32 7.6651
 137  153 2.51972
 140   47 5.89031
  77  107 6.52031
   3   92 1.57364
  38  117 5.45875
 114   74 3.34205
  12   52 7.44264
  59  153 6.2576
  56   85 5.40397
  33   62 8.84641
  36  107 7.35092
  67   85 0.953341
 142   92 3.43341
  81  135 8.80859
 110   94 7.58537
   2  135 4.55921
  62   38 1.74218
 119   43 1.82471
  94  126 4.23591
  13   14 0.404486
 142  115 4.46877
  92   95 5.69161
  81   14 9.74145
  26   53 9.31379
  30   41 3.78395
  65  135 8.85901
 121  110 8.04641
  55   95 3.35574
   4  160 0.381477
 128  131 3.60242
  90   38 4.26946
 155   97 1.42491
  38  124 7.3294
  38   35 5.77181
 119   81 3.32231
  88  148 4.48941
  23   75 1.09051
  81   96 3.96828
  78   34 7.2156
  51  101 5.18507
 108   66 4.04926
  43  155 2.71155
 111   22 4.25794
  25   24 4.46691
 125   83 8.15147
 150   32 4.37111
 138    3 5.14825
  30   70 6.38941
  11   51 6.96107
   6   89 9.16988
 124   39 9.4153
 132  158 6.34382
  88  141 3.63425
 112  121 8.93238
 142   33 3.59987
  17   43 0.616678
  40  139 9.44271
 143  103 0.738074
  71   77 6.60191
 135  144 2.57555
   4   85 4.34694
  44   51 3.85678
  76  109 5.52865
 148   13 2.4638
  10  117 4.98924
 129   80 5.97471
  98  132 2.49184
 158  151 0.912696
  50   82 1.23664
   2  104 4.18841
  45   31 4.67793
 102   66 1.27555
  57    4 4.77176
  29   94 9.26615
 158  131 5.02988
 119  107 0.425762
 138  102 1.25307
  12   96 6.50515
