  32   178
   1   31 1.10031
  21    6 7.77016
   3    2 8.91969
   2   31 0.851061
   5   29 5.47741
   0    5 4.85587
  25   26 1.70812
   7   14 0.468344
  12   17 3.16254
  26   27 4.96394
   1   28 0.631185
  17   14 3.48716
  23    0 2.10362
   6   17 7.53092
   8    6 5.88327
   0   28 1.94393
  18   29 3.46484
  20    3 2.94175
   5   29 0.957359
  26   14 2.23898
  30   19 6.83564
  26    8 3.44342
  17    3 6.69386
  10    0 5.62854
   6   19 5.89393
   4    2 1.3575
  24    6 2.66387
   7   28 7.43551
  14   30 2.47303
  18   19 5.32436
  13   13 1.13872
   8   10 4.67059
  24   16 0.868788
  26   17 8.27485
  16   15 5.17985
  10   16 4.79514
   4    1 3.35194
  15   25 9.43761
  15   24 2.68637
  30   25 2.60644
  31   12 7.4509
   1   23 7.11813
  17   24 2.75638
   7   27 5.3542
  16    7 7.38484
  19   12 9.23418
  30   17 2.12806
   9   14 0.89677
   1    5 4.84392
  16   15 1.07251
  23   10 8.12523
  18   27 9.59726
  26   18 5.36699
  31    4 8.34843
  23    6 3.8991
  10   22 2.29817
   6   21 4.34424
  19   31 6.33704
  12   12 4.88883
  28   17 7.9993
   8   24 4.45511
   0   28 6.72992
  11   24 1.05888
  21   14 9.23999
   2   12 0.802802
  17    8 7.72607
  19   21 6.96532
  12   24 3.93218
  27   19 3.02807
  22   30 2.24445
  28    2 2.06271
  23   10 0.705907
   0   28 8.83299
  21    3 9.42092
  23    2 6.77466
   0    5 8.32182
  11    6 6.4622
  13   27 0.638337
  21   23 5.53112
  11   26 0.846105
  18   31 8.23003
   2   27 1.08692
  11   24 0.425899
   6   17 3.43802
   8   31 9.51004
   3   22 5.33774
   3   22 6.68762
  14    4 3.9193
  25   11 5.11775
   5   26 6.97955
  14    1 3.48321
  30   23 1.47871
  25   30 7.6314
  15   29 6.93296
   6   20 9.71919
  14    9 7.64825
  25   19 2.65473
   9   11 4.10742
  22   15 3.82129
  29   17 3.65266
  18   15 4.60667
   9    6 1.57365
  17    3 6.17901
   6   23 1.36243
  30   28 2.60601
  13    5 4.64477
  19    9 6.32206
  28   12 3.43641
   6   24 6.6369
  20   16 4.20224
  15   14 7.11282
   2   31 1.24797
  23   19 8.65199
  30   29 0.786959
  19   12 8.73114
  11   19 3.50848
  28   15 5.93824
  23    4 6.98651
   3   18 2.85688
  25    6 3.76589
  13   25 4.33176
   5   12 8.28329
   6   13 1.48748
  29   26 6.31707
   1    8 6.88774
  22   19 0.772626
   4   26 2.30378
  16    0 5.06759
  23    6 1.81381
  16   19 2.63096
  22   11 7.65981
  30    7 6.69914
  31    3 3.78629
  27    7 8.19145
  12    0 9.36447
  23   14 9.14658
  20    2 3.19108
  15   15 0.789207
  18   14 3.27402
  25   16 5.41567
  15   16 7.09669
  31   24 3.50772
  29    6 3.68902
  23    2 6.99438
  19    0 7.16898
  30    0 0.811935
  12   22 6.33763
  30    2 1.5932
   9    7 5.696
  19   15 0.427261
  31   28 5.6386
  28   27 8.20846
  30   15 5.08303
  14   22 7.61903
  29    0 9.01136
  16   13 5.26216
   7    0 4.54471
  16   18 8.71721
  21   20 3.59537
  20    1 4.47426
  20   21 4.64839
   6   28 6.30444
  14   10 5.93523
  10   13 1.63576
   5    7 4.36437
  14    9 4.52286
   1   30 0.793929
  10    1 7.24285
  19   28 5.6487
  25   27 8.19208
  31   24 4.64693
   9   29 4.65108
   4   15 2.36534
  19   21 6.33979
  18   11 1.74723
   8   10 5.69335
  31    9 1.69755
  18   12 0.446563
